[gd_scene load_steps=10 format=2]

[ext_resource path="res://scenes/tiles/materials/wood_material.tres" type="Material" id=1]
[ext_resource path="res://scenes/buildings/camp/barrel_3.obj" type="ArrayMesh" id=2]
[ext_resource path="res://scenes/equipment/material/leather.tres" type="Material" id=3]
[ext_resource path="res://scenes/equipment/material/iron.tres" type="Material" id=4]
[ext_resource path="res://scenes/buildings/camp/crate_1.obj" type="ArrayMesh" id=5]
[ext_resource path="res://scenes/buildings/camp/barrel_2.obj" type="ArrayMesh" id=6]
[ext_resource path="res://scenes/tiles/materials/water_material.tres" type="Material" id=7]
[ext_resource path="res://scenes/equipment/weapons/spear/spear.obj" type="ArrayMesh" id=8]
[ext_resource path="res://scenes/equipment/weapons/pike/pike.obj" type="ArrayMesh" id=9]

[node name="camp_2" type="Spatial"]

[node name="barrel" type="MeshInstance" parent="."]
transform = Transform( -4.37114e-08, 0, 1, 0, 1, 0, -1, 0, -4.37114e-08, 0.141871, 0.166877, -0.0402312 )
cast_shadow = 0
mesh = ExtResource( 2 )
software_skinning_transform_normals = false
material/0 = ExtResource( 1 )
material/1 = ExtResource( 4 )

[node name="MeshInstance2" type="MeshInstance" parent="barrel"]
transform = Transform( 0.944652, 0.328075, -2.41936e-09, -0.328075, 0.944652, -1.43406e-08, -2.41932e-09, 1.43406e-08, 1, 0.0404381, 0.21703, 0.00150567 )
cast_shadow = 0
mesh = ExtResource( 8 )
software_skinning_transform_normals = false
material/0 = ExtResource( 4 )
material/1 = ExtResource( 1 )

[node name="MeshInstance3" type="MeshInstance" parent="barrel"]
transform = Transform( 0.973239, 0.229795, -6.53571e-10, -0.227081, 0.961746, 0.153227, 0.0352109, -0.149127, 0.988191, 0.0624232, 0.193651, -0.0522745 )
cast_shadow = 0
mesh = ExtResource( 8 )
software_skinning_transform_normals = false
material/0 = ExtResource( 4 )
material/1 = ExtResource( 1 )

[node name="MeshInstance" type="MeshInstance" parent="barrel"]
transform = Transform( 0.970909, 0.239449, -6.95451e-10, -0.236292, 0.958112, -0.161828, -0.0387494, 0.15712, 0.986819, 0.0256081, 0.168904, 0.0436782 )
cast_shadow = 0
mesh = ExtResource( 9 )
skeleton = NodePath("../..")
software_skinning_transform_normals = false
material/0 = ExtResource( 4 )
material/1 = ExtResource( 1 )

[node name="barrel4" type="MeshInstance" parent="."]
transform = Transform( -0.965309, 0, -0.261111, 0, 1, 0, 0.261111, 0, -0.965309, -0.165592, 0.480795, -0.247535 )
cast_shadow = 0
mesh = ExtResource( 5 )
skeleton = NodePath("../barrel3")
software_skinning_transform_normals = false
material/0 = ExtResource( 3 )
material/1 = ExtResource( 1 )

[node name="barrel3" type="MeshInstance" parent="."]
transform = Transform( -4.37114e-08, 0, 1, 0, 1, 0, -1, 0, -4.37114e-08, -0.152445, 0.166877, -0.222807 )
cast_shadow = 0
mesh = ExtResource( 5 )
software_skinning_transform_normals = false
material/0 = ExtResource( 3 )
material/1 = ExtResource( 1 )

[node name="barrel2" type="MeshInstance" parent="."]
transform = Transform( -4.37114e-08, 0, 1, 0, 1, 0, -1, 0, -4.37114e-08, -0.126608, 0.166877, 0.0724357 )
cast_shadow = 0
mesh = ExtResource( 6 )
software_skinning_transform_normals = false
material/0 = ExtResource( 1 )
material/1 = ExtResource( 4 )
material/2 = ExtResource( 7 )
